# Created by Octave 6.4.0, Sat Aug 05 01:25:45 2023 UTC <runner@884b86ee3c68>
# name: v
# type: matrix
# rows: 1
# columns: 10
 0.45929176604704014 0.85595510604241898 0.83507245073327474 0.9120312380041965 0.028411286743543207 0.63384739129250489 0.096066845236968401 0.40710539451296524 0.082012273860751828 0.16311801496125233


